3446955986
3519170002
3506443989
3631644959
2232647927
2182349403
3519590740
3519590740
2232647927
2182357054
3597731985
2232647927
3660527461
3384413015
2232658864
2182357054
2182357054
2232647927
593035309
3493898137
3601852450
2189499455
2504815316
808824006
3519590746
2232647927
1479159571
3519590746
2182357054
808824006
3534273560
3501929092
2232647927
2240894963
3519590740
3519590740
814766143
2240894963
3498666441
2938614592
2504834712
2938614592
3499410079
2232648030
2182357054
2938614592
2938614592
2232648030
893133301
2232658553
2182357054
893133301
893133301
3546006626
2232658553
3501929092
3501929092
3501929092
2232648993
3224720219
2504834712
3224720219
3501929250
2232648993
2938614593
2938614593
2938614593
2938614593
2938614593
3243050757
2232624294
3501929092
3501929092
3501929092
3501929092
3501929092
3501929092
3501929092
3501929092
3501929092
3501929092
3501929092
3501929092
3501929092
3501929092
3501929092
3501929092
3355489376
2232658864
844707939
3499410079
850232547
2182406872
2232647927
3355489376
3243591539
2163804977
3519169921
3601852481
2199501954
2504834712
2504834712
2182350955
2182357695
2232624346
2938614553
2938614553
2938614553
2182351029
3250456382
2504834712
2232624294
3601797924
3601797924
3221553538
2504834712
2504834712
3601797924
2182357054
3250456382
875602427
3601831028
2182357054
2182404204
2182357054
2182404204
2504834712
694177363
2182404204
694177363
814209175
842595225
842595225
3519170002
842595225
3501929924
2182354341
2182354341
2182400581
842595225
3499410079
842595225
842595225
3519592027
3519592027
842595225
842595225
2182404204
842595225
3519592027
3501928776
842595225
2182406872
3503018459
1553501445
3519592027
3272498705
2182370672
3519592027
3272498705
3501928776
842595225
3519592027
842595225
842595225
3499410079
3519592027
2938603794
842595225
2182358504
842595225
842595225
3519592027
842595225
2938603794
842595225
3519592027
842595225
3519592027
2231485418
842595225
3355494734
2182358504
3700229398
2231485418
3501928593
842595243
3519592027
2232658864
842595243
578694096
581550120
3359860060
808812956
3423298567
3519592027
3224720219
2232648993
3224720219
2240894583
3519592027
3519590740
3224720219
3288731442
3519592027
3224729257
2182358504
2232624294
544590454
873348635
2232648993
2182358504
2182358504
3519169921
2182358504
2182388885
3272498705
2504834712
3272498705
2232658619
2182358504
2232652733
3499410079
2232652733
3272498705
2182350031
875602427
2504834712
3667240568
2182350031
1148389948
2182354341
2182354341
1148389948
824890127
1148389948
2938626709
816391194
1487078297
1481445005
2182358504
2232648124
2162604861
3774519885
2232624294
2182358504
2938614553
2938614553
3774519885
3291202347
2182360017
925054002
2182360017
2182360017
925054002
925054002
848008993
596635700
819832752
819832752
1487078297
3519592399
3519169921
2182360017
605096425
2768672232
3519170002
3499410079
3391635480
1487078297
3519591616
2182406872
3519591616
3519592399
2182370672
1502221324
3501929092
3501929092
3501929092
2182354341
2182354341
3601797924
2232658864
2232624294
3601797924
3700229398
3597732042
3601797924
2182366787
816843732
1655595807
3667240568
3492084696
875602427
1148389948
2232624294
3774519885
2504815316
3774519885
3501929591
3501929591
3391635480
2504815316
3501929250
3358496819
3774519885
850232547
2182388161
3667240568
3623974477
862864030
1487078297
3519169921
2504834712
2232641522
3519591616
2232641522
2182362839
2182349403
3519591616
2504834712
2504834712
842595089
2504834712
2240894963
842595089
3501929092
3501929092
2240894963
842595089
3597731988
2240894963
842595089
862864491
2240894963
842595089
577159827
3501929591
3501929591
2240894963
3224720219
2240894963
842595089
2240894963
3224720219
3499410079
3360970596
2240894963
641304419
2240894963
2938573915
641304419
2240894963
2504834712
2504834712
3224720219
1487078297
2240894963
3601827072
3601827072
3358496819
3492187350
3492320142
2938573915
2151299509
2182388161
3519590746
1553501445
956947616
3519590746
2938573915
3519590746
3519590746
3519590746
2232648993
3501929092
3501929092
3501929092
2232658619
2504834712
3519590746
2232658619
2504834712
2504834712
3272498705
2504834712
3272498705
3519170135
3519169921
2938614553
2938614553
2938614553
884034226
2232641431
3502315244
3774519885
3499410079
2182350031
2232648993
546555572
3675615009
588310187
2232624294
2182362839
2182357055
3774519885
3456138601
2938614553
2938614553
3675615009
3499410079
2240894963
2182357054
2240894963
3403402660
2240894963
2938586644
3456138562
3774519885
2240894963
2182394844
2182357054
3774519885
3519170002
844707994
844707994
3482397159
3499410079
2182389019
3250478717
2232647819
3250478717
2491403220
2938614553
3501929921
3601797924
2182370672
3774519885
3601797924
3250456396
3501929092
2504834712
3501929092
2182370672
2206434796
2206434796
3501929092
3501929092
2182392295
3272498705
2182392295
3272498705
2182392295
2182392295
2206434796
3234246702
862869016
657707389
3224720219
3519169921
3224720219
2504834712
3224720219
3250456396
2232641522
2232658619
3234098084
3234098084
824877007
2232641522
844707994
3501929018
2232641522
3250456396
3501929921
844707994
3360785076
845336243
3466928272
3499410079
2206490485
2645237371
3660955131
2645237371
3519590740
698788391
3306073475
1553501445
3456138601
1553501445
3456138601
3774519885
2232641522
2938586644
2645237371
2232641522
2232641522
2645237371
3519590723
848007465
2645237371
3361094274
3667240568
2645237371
2488223626
3519590740
811346660
2182350031
811346660
666274205
2232624294
2938614553
2938614593
3499410079
2938614553
2418428214
3667240573
3519169921
3501929921
1562953388
2938614592
579057986
2938614592
2456075382
958865244
3499410079
2504834712
2232644780
2232666993
3519591616
2938614553
2938614553
3519590740
3667240568
2182358609
3274021887
3274021887
3358496819
1480851071
2199501954
842037681
2182358609
2182388161
3614346551
3519590746
3519170002
3614346551
2504834712
3614346551
862864491
2182370672
3614346551
2182392955
2232649109
3501928776
3614346551
2182358609
3614346551
3614346551
3519169921
3614346551
3469735380
2182382778
2182361225
2504834712
2504834712
657707389
3614346551
2938605993
3614346551
3614346551
2199501954
3492084696
2938605993
968133574
2182350031
3601797924
2182382609
3601797924
3601797924
923172057
2182358609
3601797924
3605538803
3469735380
3358496819
842594504
2182406848
842594504
842594504
2182392955
842594504
2182406848
2182358609
842594504
3499414526
2938614553
2938614553
956947616
2182382609
3459028631
3515950977
2938626766
2182388161
3272498695
3519172682
1594999506
3601852997
3501929921
2232628344
2182358609
3614346551
2232674948
3501925569
3614346551
3272498695
862869016
2182354022
2504834712
2232674948
862869016
1481162533
2182358609
2232674948
2231469753
850232547
3774519885
3501925569
2938614602
2938614602
2938605993
3519591616
3519591616
2938626766
819732279
2182382609
2182406662
3774519885
3499410079
2504834712
2182351029
3601797925
3667240568
2240894912
842594530
842594530
842594530
3501925569
3774519885
842594530
2240894963
842594530
2504834712
2504834712
2240894963
842594530
842594530
842594530
2240894912
842594530
3509033269
842594530
842594530
3519590827
2231495776
2182382609
842594530
3519169921
3601797925
2182382609
816391194
2232648030
816391194
3286067713
3501925569
2182382609
2231495776
657707389
2182389019
2182382609
844705994
3700229398
862869016
862869016
676075752
3626036931
2169481596
3518118892
3234870367
3519170002
3286067713
3601797925
2232648030
2182357695
2182389019
814394014
814394014
600471585
2182357695
2182357695
850232547
850232547
3509033269
1479159571
3286067713
2182350031
3601797925
2938626766
2232648993
2182406872
2182403489
3501929092
3501929092
579057986
2938573143
2182350031
2232648993
3317014943
3774519885
3234201775
3234201775
3234201775
3234201775
3300671641
2182350031
2232648030
2938573143
3519591616
3601852941
3286067713
3601852941
3601852941
3601797925
3481669818
2938614592
2232658553
2240894963
841234039
2938614592
2232658553
2240894963
2182408448
3525523581
3601797925
2938626766
3234098084
3501928776
2182350031
3286067713
2504834712
2520019643
2182350031
2520019643
3432718429
2232658553
2232662811
3361039838
2182406662
3272498705
3272498705
3608067354
3519590740
3355494734
3234098084
3234098084
3704737049
3287270005
3317848912
3259398855
3286067713
2504834712
3667240568
3519590740
3499410079
3660342636
2232658619
862854687
3519590740
2182406662
3499410079
3501929378
2182374225
3286067713
812517941
2182406848
2504834712
2504834712
3286250918
2232648030
3286250918
3700229398
2182406848
3519591616
3501928776
2231469070
2182406848
2182374225
3774519885
2240894963
3499410079
2938626766
2240894963
2232658619
3272498705
2182381598
2240894963
3774519885
3272498705
3286067713
2240894963
3286250918
2504834712
3499410079
3519170002
2182356993
2938614553
2938614553
3501929092
3501929092
3774519885
3545813890
3286067713
3774519885
923172057
657707389
3499410079
3519169921
2232648993
3519591616
3509033269
3499410079
2504834712
3509033269
862858454
1580999533
2232648993
3286067713
805310352
3519169921
923172057
3423349177
1580999533
3519591616
3499410079
3519591616
2490403759
2162604861
2182408493
3519591616
3286067713
2938614553
3479198072
2182406662
2938572325
2199501954
3601831172
2240894963
2938572325
2938614553
2938614553
2240894963
2938614553
3391635480
2182350031
3364327814
2182350031
3519169921
2240894963
2240894963
2240894963
3272498705
2231469753
2240894963
2240894963
3272498705
3272498709
3652251774
3243050757
3286067713
2240894963
3519169921
3423349177
3601852467
2240894963
842594342
1580999533
2240894963
2231469317
842594342
2240894963
2182388161
2468483956
2182350031
3256727502
2182360017
3256727502
3519590817
3256727502
3519590817
3501929591
3501929591
2938573915
3256727502
3256727502
700596639
1580999533
3286067713
3519590746
3256727502
2182357055
3256727502
2182350031
3256727502
3646221697
3425632238
2182408493
2232649031
3272498715
3519591716
3519591716
3519591716
2232649031
2504834712
2504834712
3272498715
3509033269
2182350031
3272498715
3272498715
3272498715
2938614553
3519591716
3519591716
2182350031
3272498715
3501929092
3501929092
3272498715
3272498715
3272498715
2182350031
3272498705
2199501954
3272498705
3286067713
832811408
3519591716
3501930724
2182350031
3358496819
3519170002
3286067713
2645237371
2182350031
2232648410
3580505843
2645237371
813968209
2182350031
676075821
3510711065
2240894921
889847601
2645237371
2182350031
2645237371
2938614553
2645237371
3577879382
2182350031
2645237371
2182354022
2645237371
2182350031
842594342
2182388161
842594342
957195234
2182350031
2242261432
842594342
842594342
2182354022
842594342
842594342
3774519885
2938614553
2938614553
3393549026
2231485418
2231485418
3358496819
1581447070
3518118892
970095574
2199501954
970095574
3519590746
2938614553
2938614553
